# 优化的快速探索路径（减少回头路）
# 视野半径: 6像素
# 目标覆盖率: 85.0%
# 停留点数: 204
# 总路径点数: 4877
# 格式: 序号,x,y
0,129,97
1,129,96
2,129,95
3,129,94
4,129,93
5,129,92
6,129,91
7,129,90
8,129,89
9,129,88
10,129,87
11,129,86
12,129,85
13,130,85
14,131,85
15,132,85
16,133,85
17,134,85
18,135,85
19,136,85
20,137,85
21,138,85
22,139,85
23,140,85
24,141,85
25,141,86
26,141,87
27,141,88
28,141,89
29,141,90
30,141,91
31,141,92
32,141,93
33,141,94
34,141,95
35,141,96
36,141,97
37,141,98
38,141,99
39,141,100
40,141,101
41,141,102
42,141,103
43,141,104
44,141,105
45,141,106
46,141,107
47,141,108
48,141,109
49,140,109
50,139,109
51,138,109
52,137,109
53,136,109
54,135,109
55,134,109
56,133,109
57,132,109
58,131,109
59,130,109
60,129,109
61,128,109
62,127,109
63,126,109
64,125,109
65,124,109
66,123,109
67,123,110
68,123,111
69,123,112
70,123,113
71,123,114
72,123,115
73,124,115
74,125,115
75,126,115
76,127,115
77,128,115
78,129,115
79,130,115
80,131,115
81,132,115
82,133,115
83,134,115
84,135,115
85,136,115
86,137,115
87,138,115
88,139,115
89,140,115
90,141,115
91,140,115
92,139,115
93,138,115
94,137,115
95,136,115
96,135,115
97,134,115
98,133,115
99,132,115
100,131,115
101,130,115
102,129,115
103,128,115
104,127,115
105,126,115
106,125,115
107,124,115
108,123,115
109,123,114
110,123,113
111,123,112
112,123,111
113,123,110
114,123,109
115,123,108
116,123,107
117,123,106
118,123,105
119,123,104
120,123,103
121,123,102
122,123,101
123,123,100
124,123,99
125,123,98
126,123,97
127,123,96
128,123,95
129,123,94
130,123,93
131,123,92
132,123,91
133,123,90
134,123,89
135,123,88
136,123,87
137,123,86
138,123,85
139,123,84
140,123,83
141,123,82
142,123,81
143,123,80
144,123,79
145,123,78
146,123,77
147,123,76
148,123,75
149,123,74
150,123,73
151,124,73
152,125,73
153,126,73
154,127,73
155,128,73
156,129,73
157,129,72
158,129,71
159,129,70
160,128,70
161,127,70
162,126,70
163,126,69
164,126,68
165,126,67
166,126,66
167,126,65
168,126,64
169,126,63
170,126,62
171,126,61
172,126,60
173,126,59
174,126,58
175,126,57
176,126,56
177,126,55
178,126,54
179,126,53
180,126,52
181,126,51
182,126,50
183,126,49
184,127,49
185,128,49
186,129,49
187,128,49
188,127,49
189,126,49
190,125,49
191,124,49
192,123,49
193,122,49
194,121,49
195,120,49
196,119,49
197,118,49
198,117,49
199,116,49
200,115,49
201,114,49
202,113,49
203,112,49
204,111,49
205,110,49
206,109,49
207,108,49
208,107,49
209,106,49
210,105,49
211,105,48
212,105,47
213,105,46
214,105,45
215,105,44
216,105,43
217,105,42
218,105,41
219,105,40
220,105,39
221,105,38
222,105,37
223,106,37
224,107,37
225,108,37
226,109,37
227,110,37
228,111,37
229,112,37
230,113,37
231,114,37
232,115,37
233,116,37
234,117,37
235,118,37
236,119,37
237,120,37
238,121,37
239,122,37
240,123,37
241,124,37
242,125,37
243,126,37
244,127,37
245,128,37
246,129,37
247,130,37
248,131,37
249,132,37
250,133,37
251,134,37
252,135,37
253,136,37
254,137,37
255,138,37
256,139,37
257,140,37
258,141,37
259,141,38
260,141,39
261,141,40
262,140,40
263,140,41
264,140,42
265,140,43
266,140,44
267,140,45
268,140,46
269,140,47
270,140,48
271,140,49
272,141,49
273,141,50
274,141,51
275,141,52
276,141,53
277,141,54
278,141,55
279,140,55
280,139,55
281,138,55
282,137,55
283,136,55
284,135,55
285,134,55
286,133,55
287,132,55
288,131,55
289,130,55
290,129,55
291,129,56
292,128,56
293,127,56
294,127,57
295,126,57
296,126,58
297,126,59
298,126,60
299,126,61
300,126,62
301,126,63
302,126,64
303,126,65
304,126,66
305,126,67
306,126,68
307,126,69
308,126,70
309,126,71
310,126,72
311,126,73
312,127,73
313,128,73
314,129,73
315,130,73
316,131,73
317,132,73
318,133,73
319,134,73
320,135,73
321,136,73
322,137,73
323,138,73
324,139,73
325,140,73
326,141,73
327,140,73
328,139,73
329,138,73
330,137,73
331,136,73
332,135,73
333,134,73
334,133,73
335,132,73
336,131,73
337,130,73
338,129,73
339,128,73
340,127,73
341,126,73
342,126,72
343,126,71
344,126,70
345,126,69
346,126,68
347,126,67
348,126,66
349,126,65
350,126,64
351,126,63
352,126,62
353,126,61
354,126,60
355,126,59
356,126,58
357,126,57
358,127,57
359,127,56
360,128,56
361,129,56
362,129,55
363,130,55
364,131,55
365,132,55
366,133,55
367,134,55
368,135,55
369,136,55
370,137,55
371,138,55
372,139,55
373,140,55
374,140,54
375,140,53
376,140,52
377,140,51
378,140,50
379,140,49
380,140,48
381,140,47
382,140,46
383,140,45
384,140,44
385,140,43
386,140,42
387,140,41
388,140,40
389,141,40
390,141,39
391,141,38
392,142,38
393,143,38
394,143,37
395,144,37
396,145,37
397,146,37
398,147,37
399,148,37
400,149,37
401,149,36
402,150,36
403,151,36
404,152,36
405,153,36
406,154,36
407,155,36
408,156,36
409,157,36
410,158,36
411,159,36
412,160,36
413,161,36
414,162,36
415,163,36
416,164,36
417,165,36
418,166,36
419,167,36
420,168,36
421,169,36
422,169,37
423,170,37
424,171,37
425,172,37
426,173,37
427,174,37
428,175,37
429,176,37
430,176,38
431,176,39
432,177,39
433,177,40
434,177,41
435,177,42
436,177,43
437,177,44
438,177,45
439,176,45
440,176,46
441,176,47
442,176,48
443,175,48
444,175,49
445,175,50
446,175,51
447,175,52
448,175,53
449,174,53
450,174,54
451,173,54
452,172,54
453,171,54
454,170,54
455,169,54
456,168,54
457,167,54
458,166,54
459,165,54
460,165,55
461,165,56
462,165,57
463,165,58
464,165,59
465,165,60
466,165,61
467,165,62
468,165,63
469,165,64
470,165,65
471,165,66
472,165,67
473,165,68
474,165,69
475,165,70
476,165,71
477,165,72
478,165,73
479,166,73
480,167,73
481,168,73
482,169,73
483,170,73
484,171,73
485,172,73
486,173,73
487,174,73
488,175,73
489,176,73
490,177,73
491,177,72
492,177,71
493,177,70
494,177,69
495,177,68
496,177,67
497,177,66
498,177,65
499,177,64
500,177,63
501,177,62
502,177,61
503,178,61
504,179,61
505,180,61
506,181,61
507,182,61
508,183,61
509,184,61
510,185,61
511,186,61
512,187,61
513,188,61
514,189,61
515,189,62
516,189,63
517,189,64
518,189,65
519,189,66
520,189,67
521,189,68
522,189,69
523,189,70
524,189,71
525,189,72
526,189,73
527,188,73
528,187,73
529,186,73
530,185,73
531,184,73
532,183,73
533,183,74
534,183,75
535,183,76
536,183,77
537,183,78
538,183,79
539,183,80
540,183,81
541,183,82
542,183,83
543,183,84
544,183,85
545,182,85
546,181,85
547,180,85
548,179,85
549,178,85
550,177,85
551,176,85
552,175,85
553,174,85
554,173,85
555,172,85
556,171,85
557,170,85
558,169,85
559,168,85
560,167,85
561,166,85
562,165,85
563,165,84
564,165,83
565,165,82
566,165,81
567,165,80
568,165,79
569,165,78
570,165,77
571,165,76
572,165,75
573,165,74
574,165,73
575,165,72
576,165,71
577,165,70
578,165,69
579,165,68
580,165,67
581,165,66
582,165,65
583,165,64
584,165,63
585,165,62
586,165,61
587,165,60
588,165,59
589,165,58
590,165,57
591,165,56
592,165,55
593,166,55
594,167,55
595,168,55
596,169,55
597,170,55
598,171,55
599,171,54
600,172,54
601,173,54
602,174,54
603,174,53
604,175,53
605,175,52
606,175,51
607,175,50
608,175,49
609,175,48
610,176,48
611,176,47
612,176,46
613,176,45
614,177,45
615,177,44
616,177,43
617,177,42
618,177,41
619,177,40
620,177,39
621,177,38
622,177,37
623,177,36
624,177,35
625,177,34
626,177,33
627,177,32
628,177,31
629,177,30
630,177,29
631,177,28
632,177,27
633,177,26
634,177,25
635,177,24
636,177,23
637,177,22
638,177,21
639,177,20
640,177,19
641,177,18
642,178,18
643,179,18
644,180,18
645,181,18
646,182,18
647,183,18
648,184,18
649,185,18
650,186,18
651,187,18
652,188,18
653,189,18
654,189,17
655,189,16
656,189,15
657,189,14
658,189,13
659,189,12
660,190,12
661,191,12
662,192,12
663,193,12
664,194,12
665,195,12
666,194,12
667,193,12
668,192,12
669,191,12
670,190,12
671,189,12
672,188,12
673,187,12
674,186,12
675,185,12
676,184,12
677,183,12
678,182,12
679,181,12
680,180,12
681,179,12
682,178,12
683,177,12
684,176,12
685,175,12
686,174,12
687,173,12
688,172,12
689,171,12
690,170,12
691,169,12
692,168,12
693,167,12
694,166,12
695,165,12
696,165,13
697,165,14
698,165,15
699,165,16
700,165,17
701,165,18
702,165,19
703,165,20
704,165,21
705,165,22
706,165,23
707,166,23
708,167,23
709,168,23
710,169,23
711,169,24
712,170,24
713,171,24
714,172,24
715,173,24
716,174,24
717,174,25
718,175,25
719,176,25
720,176,26
721,176,27
722,177,27
723,177,28
724,177,29
725,177,30
726,176,30
727,176,31
728,176,32
729,175,32
730,174,32
731,174,33
732,174,34
733,173,34
734,172,34
735,171,34
736,170,34
737,169,34
738,168,34
739,167,34
740,166,34
741,165,34
742,165,35
743,165,36
744,164,36
745,163,36
746,162,36
747,161,36
748,160,36
749,159,36
750,158,36
751,157,36
752,156,36
753,155,36
754,154,36
755,153,36
756,152,36
757,151,36
758,150,36
759,149,36
760,148,36
761,147,36
762,146,36
763,145,36
764,144,36
765,143,36
766,142,36
767,141,36
768,140,36
769,139,36
770,138,36
771,137,36
772,136,36
773,135,36
774,134,36
775,133,36
776,132,36
777,131,36
778,130,36
779,129,36
780,128,36
781,127,36
782,126,36
783,125,36
784,125,37
785,125,38
786,125,39
787,125,40
788,125,41
789,125,42
790,125,43
791,125,44
792,125,45
793,125,46
794,125,47
795,125,48
796,125,49
797,125,50
798,125,51
799,125,52
800,125,53
801,125,54
802,125,55
803,125,56
804,125,57
805,125,58
806,125,59
807,125,60
808,125,61
809,125,62
810,125,63
811,125,64
812,125,65
813,125,66
814,125,67
815,125,68
816,125,69
817,124,69
818,124,70
819,123,70
820,122,70
821,122,71
822,121,71
823,121,72
824,120,72
825,119,72
826,119,73
827,119,74
828,118,74
829,118,75
830,118,76
831,118,77
832,117,77
833,117,78
834,116,78
835,116,79
836,115,79
837,114,79
838,113,79
839,112,79
840,111,79
841,111,80
842,110,80
843,109,80
844,108,80
845,107,80
846,106,80
847,105,80
848,104,80
849,103,80
850,102,80
851,101,80
852,100,80
853,99,80
854,98,80
855,97,80
856,96,80
857,95,80
858,94,80
859,93,80
860,93,81
861,93,82
862,93,83
863,93,84
864,93,85
865,93,86
866,93,87
867,93,88
868,93,89
869,93,90
870,93,91
871,93,92
872,93,93
873,93,94
874,93,95
875,93,96
876,92,96
877,91,96
878,90,96
879,89,96
880,88,96
881,87,96
882,86,96
883,85,96
884,84,96
885,83,96
886,82,96
887,81,96
888,81,95
889,81,94
890,81,93
891,81,92
892,81,91
893,81,90
894,81,89
895,81,88
896,81,87
897,81,86
898,81,85
899,81,84
900,80,84
901,79,84
902,78,84
903,77,84
904,76,84
905,75,84
906,74,84
907,73,84
908,72,84
909,71,84
910,70,84
911,69,84
912,68,84
913,67,84
914,66,84
915,65,84
916,64,84
917,63,84
918,62,84
919,61,84
920,60,84
921,59,84
922,58,84
923,57,84
924,56,84
925,55,84
926,54,84
927,53,84
928,52,84
929,51,84
930,50,84
931,49,84
932,48,84
933,47,84
934,46,84
935,45,84
936,44,84
937,43,84
938,42,84
939,41,84
940,40,84
941,39,84
942,38,84
943,37,84
944,36,84
945,35,84
946,34,84
947,33,84
948,33,85
949,33,86
950,33,87
951,33,88
952,33,89
953,33,90
954,33,91
955,33,92
956,33,93
957,33,94
958,33,95
959,33,96
960,32,96
961,31,96
962,30,96
963,29,96
964,28,96
965,27,96
966,26,96
967,25,96
968,24,96
969,23,96
970,22,96
971,21,96
972,21,97
973,21,98
974,21,99
975,21,100
976,21,101
977,21,102
978,21,103
979,21,104
980,21,105
981,21,106
982,21,107
983,21,108
984,22,108
985,23,108
986,24,108
987,24,109
988,24,110
989,24,111
990,24,112
991,24,113
992,24,114
993,24,115
994,24,116
995,24,117
996,24,118
997,24,119
998,24,120
999,24,121
1000,24,122
1001,24,123
1002,24,124
1003,24,125
1004,24,126
1005,24,127
1006,24,128
1007,24,129
1008,24,130
1009,24,131
1010,24,132
1011,23,132
1012,22,132
1013,21,132
1014,20,132
1015,19,132
1016,18,132
1017,17,132
1018,16,132
1019,15,132
1020,14,132
1021,13,132
1022,12,132
1023,12,133
1024,12,134
1025,12,135
1026,12,136
1027,12,137
1028,12,138
1029,12,139
1030,12,140
1031,12,141
1032,12,142
1033,12,143
1034,12,144
1035,13,144
1036,14,144
1037,15,144
1038,16,144
1039,17,144
1040,18,144
1041,19,144
1042,20,144
1043,21,144
1044,22,144
1045,23,144
1046,24,144
1047,25,144
1048,26,144
1049,27,144
1050,28,144
1051,29,144
1052,30,144
1053,29,144
1054,28,144
1055,27,144
1056,26,144
1057,25,144
1058,24,144
1059,24,145
1060,24,146
1061,24,147
1062,24,148
1063,24,149
1064,23,149
1065,23,150
1066,23,151
1067,23,152
1068,23,153
1069,23,154
1070,23,155
1071,23,156
1072,23,157
1073,23,158
1074,23,159
1075,23,160
1076,23,161
1077,23,162
1078,23,163
1079,23,164
1080,23,165
1081,23,166
1082,23,167
1083,23,168
1084,24,168
1085,24,169
1086,24,170
1087,24,171
1088,24,172
1089,24,173
1090,24,174
1091,24,175
1092,24,176
1093,24,177
1094,24,178
1095,24,179
1096,24,180
1097,25,180
1098,26,180
1099,27,180
1100,28,180
1101,29,180
1102,30,180
1103,31,180
1104,32,180
1105,32,179
1106,33,179
1107,34,179
1108,35,179
1109,36,179
1110,37,179
1111,38,179
1112,38,178
1113,39,178
1114,40,178
1115,41,178
1116,42,178
1117,43,178
1118,44,178
1119,45,178
1120,46,178
1121,46,179
1122,46,180
1123,47,180
1124,48,180
1125,49,180
1126,50,180
1127,51,180
1128,52,180
1129,53,180
1130,54,180
1131,55,180
1132,56,180
1133,57,180
1134,58,180
1135,59,180
1136,60,180
1137,61,180
1138,62,180
1139,63,180
1140,64,180
1141,65,180
1142,66,180
1143,67,180
1144,68,180
1145,69,180
1146,70,180
1147,71,180
1148,72,180
1149,72,179
1150,72,178
1151,72,177
1152,72,176
1153,72,175
1154,72,174
1155,72,173
1156,72,172
1157,72,171
1158,72,170
1159,72,169
1160,72,168
1161,73,168
1162,74,168
1163,75,168
1164,76,168
1165,77,168
1166,78,168
1167,79,168
1168,80,168
1169,81,168
1170,82,168
1171,83,168
1172,84,168
1173,85,168
1174,86,168
1175,87,168
1176,88,168
1177,89,168
1178,90,168
1179,91,168
1180,92,168
1181,93,168
1182,94,168
1183,95,168
1184,96,168
1185,96,169
1186,96,170
1187,96,171
1188,96,172
1189,96,173
1190,96,174
1191,96,175
1192,96,176
1193,96,177
1194,96,178
1195,96,179
1196,96,180
1197,95,180
1198,94,180
1199,93,180
1200,92,180
1201,91,180
1202,90,180
1203,89,180
1204,88,180
1205,87,180
1206,86,180
1207,85,180
1208,84,180
1209,83,180
1210,82,180
1211,81,180
1212,80,180
1213,79,180
1214,78,180
1215,77,180
1216,76,180
1217,75,180
1218,74,180
1219,73,180
1220,72,180
1221,71,180
1222,70,180
1223,69,180
1224,68,180
1225,67,180
1226,66,180
1227,65,180
1228,64,180
1229,63,180
1230,62,180
1231,61,180
1232,60,180
1233,60,179
1234,60,178
1235,60,177
1236,60,176
1237,60,175
1238,60,174
1239,60,173
1240,60,172
1241,60,171
1242,60,170
1243,60,169
1244,60,168
1245,59,168
1246,58,168
1247,57,168
1248,56,168
1249,55,168
1250,54,168
1251,53,168
1252,52,168
1253,51,168
1254,50,168
1255,49,168
1256,48,168
1257,47,168
1258,47,169
1259,47,170
1260,47,171
1261,47,172
1262,47,173
1263,47,174
1264,47,175
1265,47,176
1266,46,176
1267,45,176
1268,44,176
1269,43,176
1270,42,176
1271,41,176
1272,40,176
1273,39,176
1274,38,176
1275,37,176
1276,36,176
1277,35,176
1278,34,176
1279,33,176
1280,32,176
1281,31,176
1282,30,176
1283,30,175
1284,30,174
1285,29,174
1286,28,174
1287,27,174
1288,26,174
1289,25,174
1290,24,174
1291,23,174
1292,22,174
1293,21,174
1294,20,174
1295,19,174
1296,18,174
1297,18,173
1298,18,172
1299,18,171
1300,18,170
1301,18,169
1302,18,168
1303,18,167
1304,18,166
1305,18,165
1306,18,164
1307,18,163
1308,19,163
1309,20,163
1310,20,162
1311,21,162
1312,22,162
1313,23,162
1314,24,162
1315,24,161
1316,24,160
1317,24,159
1318,23,159
1319,23,158
1320,23,157
1321,23,156
1322,23,155
1323,23,154
1324,23,153
1325,23,152
1326,23,151
1327,23,150
1328,23,149
1329,23,148
1330,23,147
1331,23,146
1332,23,145
1333,23,144
1334,23,143
1335,23,142
1336,23,141
1337,23,140
1338,23,139
1339,23,138
1340,24,138
1341,25,138
1342,26,138
1343,27,138
1344,28,138
1345,29,138
1346,30,138
1347,30,137
1348,30,136
1349,30,135
1350,30,134
1351,30,133
1352,30,132
1353,30,131
1354,30,130
1355,30,129
1356,30,128
1357,30,127
1358,30,126
1359,29,126
1360,28,126
1361,27,126
1362,26,126
1363,25,126
1364,24,126
1365,23,126
1366,22,126
1367,21,126
1368,20,126
1369,19,126
1370,18,126
1371,18,125
1372,18,124
1373,18,123
1374,18,122
1375,18,121
1376,18,120
1377,18,119
1378,18,118
1379,18,117
1380,18,116
1381,18,115
1382,18,114
1383,18,113
1384,18,112
1385,18,111
1386,18,110
1387,18,109
1388,18,108
1389,18,107
1390,18,106
1391,18,105
1392,18,104
1393,18,103
1394,18,102
1395,18,101
1396,18,100
1397,18,99
1398,18,98
1399,18,97
1400,18,96
1401,18,95
1402,18,94
1403,18,93
1404,18,92
1405,18,91
1406,18,90
1407,18,89
1408,18,88
1409,18,87
1410,18,86
1411,18,85
1412,19,85
1413,20,85
1414,20,84
1415,21,84
1416,22,84
1417,23,84
1418,24,84
1419,24,85
1420,24,86
1421,24,87
1422,24,88
1423,24,89
1424,24,90
1425,25,90
1426,26,90
1427,27,90
1428,28,90
1429,29,90
1430,30,90
1431,31,90
1432,32,90
1433,33,90
1434,34,90
1435,35,90
1436,36,90
1437,37,90
1438,38,90
1439,39,90
1440,40,90
1441,41,90
1442,42,90
1443,43,90
1444,44,90
1445,45,90
1446,46,90
1447,47,90
1448,48,90
1449,49,90
1450,50,90
1451,51,90
1452,52,90
1453,53,90
1454,54,90
1455,55,90
1456,56,90
1457,57,90
1458,58,90
1459,59,90
1460,60,90
1461,61,90
1462,62,90
1463,63,90
1464,64,90
1465,65,90
1466,66,90
1467,67,90
1468,68,90
1469,69,90
1470,70,90
1471,71,90
1472,72,90
1473,73,90
1474,74,90
1475,75,90
1476,76,90
1477,77,90
1478,78,90
1479,79,90
1480,80,90
1481,81,90
1482,82,90
1483,83,90
1484,84,90
1485,84,89
1486,84,88
1487,84,87
1488,84,86
1489,84,85
1490,84,84
1491,85,84
1492,86,84
1493,87,84
1494,88,84
1495,89,84
1496,90,84
1497,91,84
1498,92,84
1499,93,84
1500,94,84
1501,95,84
1502,96,84
1503,97,84
1504,98,84
1505,99,84
1506,100,84
1507,101,84
1508,102,84
1509,102,85
1510,102,86
1511,102,87
1512,102,88
1513,102,89
1514,102,90
1515,102,91
1516,102,92
1517,102,93
1518,102,94
1519,102,95
1520,102,96
1521,101,96
1522,100,96
1523,99,96
1524,98,96
1525,97,96
1526,96,96
1527,95,96
1528,94,96
1529,93,96
1530,92,96
1531,91,96
1532,90,96
1533,90,97
1534,90,98
1535,90,99
1536,90,100
1537,90,101
1538,90,102
1539,90,103
1540,89,103
1541,89,104
1542,88,104
1543,87,104
1544,87,105
1545,87,106
1546,87,107
1547,87,108
1548,87,109
1549,87,110
1550,87,111
1551,87,112
1552,87,113
1553,87,114
1554,87,115
1555,87,116
1556,87,117
1557,87,118
1558,87,119
1559,87,120
1560,87,121
1561,87,122
1562,87,123
1563,87,124
1564,87,125
1565,87,126
1566,87,127
1567,87,128
1568,87,129
1569,87,130
1570,87,131
1571,87,132
1572,87,133
1573,87,134
1574,87,135
1575,87,136
1576,87,137
1577,87,138
1578,88,138
1579,89,138
1580,90,138
1581,91,138
1582,92,138
1583,93,138
1584,94,138
1585,95,138
1586,96,138
1587,95,138
1588,94,138
1589,93,138
1590,92,138
1591,91,138
1592,90,138
1593,89,138
1594,88,138
1595,87,138
1596,86,138
1597,85,138
1598,84,138
1599,84,137
1600,84,136
1601,84,135
1602,84,134
1603,84,133
1604,84,132
1605,85,132
1606,86,132
1607,87,132
1608,88,132
1609,89,132
1610,90,132
1611,90,133
1612,90,134
1613,90,135
1614,90,136
1615,90,137
1616,90,138
1617,90,139
1618,90,140
1619,90,141
1620,90,142
1621,90,143
1622,90,144
1623,91,144
1624,92,144
1625,93,144
1626,94,144
1627,95,144
1628,96,144
1629,95,144
1630,94,144
1631,93,144
1632,92,144
1633,91,144
1634,90,144
1635,89,144
1636,88,144
1637,87,144
1638,87,143
1639,87,142
1640,87,141
1641,87,140
1642,87,139
1643,87,138
1644,87,137
1645,87,136
1646,87,135
1647,87,134
1648,87,133
1649,87,132
1650,87,131
1651,87,130
1652,87,129
1653,87,128
1654,87,127
1655,87,126
1656,87,125
1657,87,124
1658,87,123
1659,87,122
1660,87,121
1661,87,120
1662,87,119
1663,87,118
1664,87,117
1665,87,116
1666,87,115
1667,87,114
1668,87,113
1669,87,112
1670,87,111
1671,87,110
1672,87,109
1673,87,108
1674,87,107
1675,87,106
1676,87,105
1677,87,104
1678,88,104
1679,89,104
1680,89,103
1681,90,103
1682,91,103
1683,91,102
1684,92,102
1685,93,102
1686,94,102
1687,95,102
1688,96,102
1689,97,102
1690,98,102
1691,99,102
1692,100,102
1693,100,101
1694,101,101
1695,101,100
1696,102,100
1697,102,99
1698,102,98
1699,102,97
1700,102,96
1701,102,95
1702,102,94
1703,102,93
1704,102,92
1705,102,91
1706,102,90
1707,102,89
1708,102,88
1709,102,87
1710,102,86
1711,102,85
1712,102,84
1713,103,84
1714,103,83
1715,104,83
1716,104,82
1717,105,82
1718,106,82
1719,107,82
1720,108,82
1721,109,82
1722,110,82
1723,111,82
1724,112,82
1725,113,82
1726,114,82
1727,115,82
1728,116,82
1729,117,82
1730,117,83
1731,118,83
1732,118,84
1733,118,85
1734,118,86
1735,118,87
1736,118,88
1737,118,89
1738,118,90
1739,118,91
1740,118,92
1741,118,93
1742,118,94
1743,118,95
1744,118,96
1745,118,97
1746,118,98
1747,118,99
1748,118,100
1749,118,101
1750,118,102
1751,118,103
1752,118,104
1753,118,105
1754,118,106
1755,118,107
1756,118,108
1757,118,109
1758,118,110
1759,118,111
1760,118,112
1761,118,113
1762,118,114
1763,118,115
1764,118,116
1765,118,117
1766,118,118
1767,118,119
1768,118,120
1769,119,120
1770,119,121
1771,120,121
1772,121,121
1773,121,122
1774,122,122
1775,123,122
1776,123,123
1777,124,123
1778,125,123
1779,125,124
1780,125,125
1781,125,126
1782,125,127
1783,125,128
1784,125,129
1785,125,130
1786,125,131
1787,125,132
1788,125,133
1789,125,134
1790,125,135
1791,125,136
1792,125,137
1793,125,138
1794,125,139
1795,125,140
1796,125,141
1797,125,142
1798,125,143
1799,125,144
1800,125,145
1801,125,146
1802,125,147
1803,125,148
1804,124,148
1805,124,149
1806,123,149
1807,123,150
1808,122,150
1809,121,150
1810,120,150
1811,120,151
1812,120,152
1813,120,153
1814,120,154
1815,120,155
1816,120,156
1817,121,156
1818,122,156
1819,123,156
1820,124,156
1821,125,156
1822,126,156
1823,127,156
1824,128,156
1825,129,156
1826,130,156
1827,131,156
1828,132,156
1829,132,157
1830,132,158
1831,132,159
1832,132,160
1833,132,161
1834,132,162
1835,132,163
1836,132,164
1837,132,165
1838,132,166
1839,132,167
1840,132,168
1841,132,169
1842,132,170
1843,132,171
1844,132,172
1845,132,173
1846,132,174
1847,132,175
1848,132,176
1849,132,177
1850,132,178
1851,132,179
1852,132,180
1853,132,179
1854,132,178
1855,132,177
1856,132,176
1857,132,175
1858,132,174
1859,133,174
1860,134,174
1861,135,174
1862,136,174
1863,137,174
1864,138,174
1865,139,174
1866,140,174
1867,141,174
1868,142,174
1869,143,174
1870,144,174
1871,144,173
1872,144,172
1873,144,171
1874,144,170
1875,144,169
1876,144,168
1877,144,167
1878,144,166
1879,144,165
1880,144,164
1881,144,163
1882,144,162
1883,143,162
1884,142,162
1885,141,162
1886,140,162
1887,139,162
1888,138,162
1889,137,162
1890,136,162
1891,135,162
1892,134,162
1893,133,162
1894,132,162
1895,131,162
1896,130,162
1897,129,162
1898,128,162
1899,127,162
1900,126,162
1901,125,162
1902,125,161
1903,125,160
1904,125,159
1905,125,158
1906,125,157
1907,125,156
1908,125,155
1909,125,154
1910,125,153
1911,125,152
1912,125,151
1913,125,150
1914,125,149
1915,125,148
1916,125,147
1917,125,146
1918,125,145
1919,125,144
1920,125,143
1921,125,142
1922,125,141
1923,125,140
1924,125,139
1925,125,138
1926,125,137
1927,125,136
1928,125,135
1929,125,134
1930,125,133
1931,125,132
1932,125,131
1933,125,130
1934,125,129
1935,125,128
1936,125,127
1937,125,126
1938,125,125
1939,125,124
1940,125,123
1941,125,122
1942,125,121
1943,126,121
1944,126,120
1945,126,119
1946,126,118
1947,126,117
1948,126,116
1949,126,115
1950,126,114
1951,126,113
1952,126,112
1953,126,111
1954,126,110
1955,126,109
1956,126,108
1957,126,107
1958,126,106
1959,126,105
1960,126,104
1961,126,103
1962,126,102
1963,126,101
1964,126,100
1965,126,99
1966,126,98
1967,126,97
1968,126,96
1969,126,95
1970,126,94
1971,126,93
1972,126,92
1973,126,91
1974,126,90
1975,126,89
1976,126,88
1977,126,87
1978,126,86
1979,126,85
1980,126,84
1981,126,83
1982,126,82
1983,126,81
1984,126,80
1985,126,79
1986,126,78
1987,126,77
1988,126,76
1989,126,75
1990,126,74
1991,126,73
1992,126,72
1993,126,71
1994,126,70
1995,126,69
1996,126,68
1997,126,67
1998,126,66
1999,126,65
2000,126,64
2001,126,63
2002,126,62
2003,126,61
2004,126,60
2005,126,59
2006,126,58
2007,126,57
2008,127,57
2009,127,56
2010,128,56
2011,129,56
2012,129,55
2013,130,55
2014,131,55
2015,132,55
2016,133,55
2017,134,55
2018,135,55
2019,136,55
2020,137,55
2021,138,55
2022,139,55
2023,140,55
2024,140,54
2025,140,53
2026,140,52
2027,140,51
2028,140,50
2029,140,49
2030,140,48
2031,140,47
2032,140,46
2033,140,45
2034,140,44
2035,140,43
2036,140,42
2037,140,41
2038,140,40
2039,141,40
2040,141,39
2041,141,38
2042,142,38
2043,143,38
2044,143,37
2045,144,37
2046,145,37
2047,146,37
2048,147,37
2049,148,37
2050,149,37
2051,149,36
2052,150,36
2053,151,36
2054,152,36
2055,153,36
2056,154,36
2057,155,36
2058,156,36
2059,157,36
2060,158,36
2061,159,36
2062,160,36
2063,161,36
2064,162,36
2065,163,36
2066,164,36
2067,165,36
2068,166,36
2069,167,36
2070,168,36
2071,169,36
2072,169,37
2073,170,37
2074,171,37
2075,172,37
2076,173,37
2077,174,37
2078,175,37
2079,176,37
2080,177,37
2081,178,37
2082,179,37
2083,180,37
2084,181,37
2085,182,37
2086,183,37
2087,184,37
2088,185,37
2089,186,37
2090,187,37
2091,188,37
2092,189,37
2093,190,37
2094,191,37
2095,192,37
2096,193,37
2097,194,37
2098,195,37
2099,196,37
2100,197,37
2101,198,37
2102,199,37
2103,200,37
2104,201,37
2105,202,37
2106,203,37
2107,204,37
2108,205,37
2109,206,37
2110,207,37
2111,208,37
2112,209,37
2113,210,37
2114,211,37
2115,212,37
2116,213,37
2117,214,37
2118,215,37
2119,216,37
2120,217,37
2121,218,37
2122,219,37
2123,220,37
2124,221,37
2125,222,37
2126,223,37
2127,224,37
2128,225,37
2129,226,37
2130,227,37
2131,228,37
2132,229,37
2133,230,37
2134,231,37
2135,232,37
2136,233,37
2137,233,38
2138,233,39
2139,234,39
2140,234,40
2141,234,41
2142,235,41
2143,235,42
2144,235,43
2145,235,44
2146,235,45
2147,235,46
2148,235,47
2149,235,48
2150,235,49
2151,235,50
2152,235,51
2153,235,52
2154,235,53
2155,235,54
2156,235,55
2157,235,56
2158,235,57
2159,235,58
2160,235,59
2161,235,60
2162,235,61
2163,235,62
2164,235,63
2165,235,64
2166,235,65
2167,235,66
2168,235,67
2169,235,68
2170,235,69
2171,235,70
2172,235,71
2173,235,72
2174,235,73
2175,235,74
2176,235,75
2177,235,76
2178,235,77
2179,235,78
2180,235,79
2181,235,80
2182,235,81
2183,235,82
2184,235,83
2185,235,84
2186,235,85
2187,235,86
2188,235,87
2189,235,88
2190,235,89
2191,235,90
2192,235,91
2193,235,92
2194,235,93
2195,235,94
2196,235,95
2197,235,96
2198,235,97
2199,235,98
2200,235,99
2201,235,100
2202,235,101
2203,235,102
2204,235,103
2205,235,104
2206,235,105
2207,235,106
2208,235,107
2209,235,108
2210,235,109
2211,235,110
2212,235,111
2213,235,112
2214,235,113
2215,235,114
2216,235,115
2217,235,116
2218,235,117
2219,235,118
2220,235,119
2221,235,120
2222,235,121
2223,235,122
2224,235,123
2225,234,123
2226,234,124
2227,233,124
2228,232,124
2229,231,124
2230,230,124
2231,229,124
2232,228,124
2233,227,124
2234,226,124
2235,225,124
2236,224,124
2237,223,124
2238,222,124
2239,221,124
2240,221,125
2241,220,125
2242,219,125
2243,218,125
2244,217,125
2245,216,125
2246,215,125
2247,214,125
2248,213,125
2249,212,125
2250,211,125
2251,210,125
2252,209,125
2253,208,125
2254,207,125
2255,206,125
2256,205,125
2257,204,125
2258,203,125
2259,202,125
2260,201,125
2261,200,125
2262,199,125
2263,198,125
2264,197,125
2265,196,125
2266,195,125
2267,194,125
2268,193,125
2269,192,125
2270,191,125
2271,190,125
2272,189,125
2273,188,125
2274,187,125
2275,186,125
2276,185,125
2277,184,125
2278,184,126
2279,184,127
2280,184,128
2281,184,129
2282,184,130
2283,184,131
2284,184,132
2285,184,133
2286,184,134
2287,184,135
2288,184,136
2289,184,137
2290,184,138
2291,184,139
2292,184,140
2293,184,141
2294,184,142
2295,183,142
2296,183,143
2297,183,144
2298,183,145
2299,183,146
2300,183,147
2301,183,148
2302,183,149
2303,183,150
2304,183,151
2305,183,152
2306,183,153
2307,183,154
2308,183,155
2309,182,155
2310,182,156
2311,181,156
2312,181,157
2313,180,157
2314,180,158
2315,179,158
2316,178,158
2317,177,158
2318,176,158
2319,175,158
2320,174,158
2321,174,159
2322,174,160
2323,174,161
2324,174,162
2325,174,163
2326,174,164
2327,174,165
2328,174,166
2329,174,167
2330,174,168
2331,174,169
2332,174,170
2333,174,171
2334,174,172
2335,174,173
2336,174,174
2337,175,174
2338,176,174
2339,177,174
2340,178,174
2341,179,174
2342,180,174
2343,181,174
2344,182,174
2345,183,174
2346,184,174
2347,185,174
2348,186,174
2349,187,174
2350,188,174
2351,189,174
2352,190,174
2353,191,174
2354,192,174
2355,193,174
2356,194,174
2357,195,174
2358,196,174
2359,197,174
2360,198,174
2361,198,173
2362,198,172
2363,198,171
2364,198,170
2365,198,169
2366,198,168
2367,198,167
2368,198,166
2369,198,165
2370,198,164
2371,198,163
2372,198,162
2373,197,162
2374,196,162
2375,195,162
2376,194,162
2377,193,162
2378,192,162
2379,191,162
2380,190,162
2381,189,162
2382,188,162
2383,187,162
2384,186,162
2385,185,162
2386,184,162
2387,183,162
2388,182,162
2389,181,162
2390,180,162
2391,179,162
2392,178,162
2393,177,162
2394,176,162
2395,175,162
2396,174,162
2397,173,162
2398,172,162
2399,171,162
2400,170,162
2401,169,162
2402,168,162
2403,168,163
2404,168,164
2405,168,165
2406,168,166
2407,168,167
2408,168,168
2409,168,169
2410,168,170
2411,168,171
2412,168,172
2413,168,173
2414,168,174
2415,168,175
2416,168,176
2417,168,177
2418,168,178
2419,168,179
2420,168,180
2421,168,179
2422,168,178
2423,168,177
2424,168,176
2425,168,175
2426,168,174
2427,168,173
2428,168,172
2429,168,171
2430,168,170
2431,168,169
2432,168,168
2433,168,169
2434,168,170
2435,168,171
2436,168,172
2437,168,173
2438,168,174
2439,168,175
2440,168,176
2441,168,177
2442,168,178
2443,168,179
2444,168,180
2445,169,180
2446,170,180
2447,171,180
2448,172,180
2449,173,180
2450,174,180
2451,175,180
2452,176,180
2453,177,180
2454,178,180
2455,179,180
2456,180,180
2457,181,180
2458,182,180
2459,183,180
2460,184,180
2461,185,180
2462,186,180
2463,187,180
2464,188,180
2465,189,180
2466,190,180
2467,191,180
2468,192,180
2469,193,180
2470,194,180
2471,195,180
2472,196,180
2473,197,180
2474,198,180
2475,199,180
2476,200,180
2477,201,180
2478,202,180
2479,203,180
2480,204,180
2481,204,179
2482,204,178
2483,204,177
2484,204,176
2485,204,175
2486,204,174
2487,203,174
2488,202,174
2489,201,174
2490,200,174
2491,199,174
2492,198,174
2493,197,174
2494,196,174
2495,195,174
2496,194,174
2497,193,174
2498,192,174
2499,191,174
2500,190,174
2501,189,174
2502,188,174
2503,187,174
2504,186,174
2505,185,174
2506,185,173
2507,185,172
2508,185,171
2509,185,170
2510,185,169
2511,185,168
2512,185,167
2513,185,166
2514,185,165
2515,185,164
2516,185,163
2517,185,162
2518,185,161
2519,185,160
2520,185,159
2521,185,158
2522,185,157
2523,185,156
2524,185,155
2525,185,154
2526,185,153
2527,185,152
2528,185,151
2529,185,150
2530,185,149
2531,185,148
2532,185,147
2533,185,146
2534,185,145
2535,185,144
2536,185,143
2537,186,143
2538,186,142
2539,186,141
2540,186,140
2541,186,139
2542,186,138
2543,186,137
2544,186,136
2545,187,136
2546,187,135
2547,188,135
2548,189,135
2549,189,134
2550,190,134
2551,191,134
2552,192,134
2553,193,134
2554,194,134
2555,195,134
2556,196,134
2557,197,134
2558,198,134
2559,199,134
2560,200,134
2561,201,134
2562,202,134
2563,203,134
2564,204,134
2565,204,133
2566,205,133
2567,205,132
2568,205,131
2569,205,130
2570,205,129
2571,205,128
2572,205,127
2573,205,126
2574,206,126
2575,207,126
2576,208,126
2577,209,126
2578,210,126
2579,211,126
2580,212,126
2581,213,126
2582,214,126
2583,215,126
2584,216,126
2585,217,126
2586,218,126
2587,219,126
2588,220,126
2589,221,126
2590,222,126
2591,222,127
2592,223,127
2593,224,127
2594,225,127
2595,226,127
2596,227,127
2597,228,127
2598,229,127
2599,230,127
2600,231,127
2601,232,127
2602,233,127
2603,233,128
2604,233,129
2605,233,130
2606,233,131
2607,233,132
2608,234,132
2609,234,133
2610,234,134
2611,235,134
2612,235,135
2613,235,136
2614,235,137
2615,235,138
2616,235,139
2617,235,140
2618,235,141
2619,235,142
2620,235,143
2621,234,143
2622,233,143
2623,233,144
2624,232,144
2625,231,144
2626,230,144
2627,229,144
2628,229,145
2629,229,146
2630,229,147
2631,229,148
2632,229,149
2633,229,150
2634,229,151
2635,229,152
2636,229,153
2637,229,154
2638,229,155
2639,229,156
2640,229,157
2641,229,158
2642,229,159
2643,229,160
2644,229,161
2645,229,162
2646,229,163
2647,229,164
2648,229,165
2649,229,166
2650,229,167
2651,229,168
2652,229,169
2653,228,169
2654,228,170
2655,228,171
2656,228,172
2657,228,173
2658,228,174
2659,229,174
2660,230,174
2661,231,174
2662,232,174
2663,233,174
2664,234,174
2665,235,174
2666,236,174
2667,237,174
2668,238,174
2669,239,174
2670,240,174
2671,240,173
2672,240,172
2673,240,171
2674,240,170
2675,240,169
2676,240,168
2677,240,167
2678,240,166
2679,240,165
2680,240,164
2681,240,163
2682,240,162
2683,240,161
2684,240,160
2685,240,159
2686,240,158
2687,240,157
2688,240,156
2689,240,155
2690,240,154
2691,240,153
2692,240,152
2693,240,151
2694,240,150
2695,240,149
2696,240,148
2697,240,147
2698,240,146
2699,240,145
2700,240,144
2701,240,143
2702,239,143
2703,239,142
2704,238,142
2705,237,142
2706,237,141
2707,237,140
2708,237,139
2709,237,138
2710,237,137
2711,236,137
2712,236,136
2713,236,135
2714,236,134
2715,236,133
2716,236,132
2717,236,131
2718,236,130
2719,236,129
2720,236,128
2721,236,127
2722,236,126
2723,237,126
2724,238,126
2725,239,126
2726,240,126
2727,240,125
2728,240,124
2729,240,123
2730,240,122
2731,240,121
2732,240,120
2733,240,119
2734,240,118
2735,240,117
2736,240,116
2737,240,115
2738,240,114
2739,240,113
2740,240,112
2741,240,111
2742,240,110
2743,240,109
2744,240,108
2745,240,107
2746,240,106
2747,240,105
2748,240,104
2749,240,103
2750,240,102
2751,240,101
2752,240,100
2753,240,99
2754,240,98
2755,240,97
2756,240,96
2757,240,95
2758,240,94
2759,240,93
2760,240,92
2761,240,91
2762,240,90
2763,240,89
2764,240,88
2765,240,87
2766,240,86
2767,240,85
2768,240,84
2769,240,83
2770,240,82
2771,240,81
2772,240,80
2773,240,79
2774,240,78
2775,240,77
2776,240,76
2777,240,75
2778,240,74
2779,240,73
2780,240,72
2781,240,71
2782,240,70
2783,240,69
2784,240,68
2785,240,67
2786,240,66
2787,240,65
2788,240,64
2789,240,63
2790,240,62
2791,240,61
2792,240,60
2793,240,59
2794,240,58
2795,240,57
2796,240,56
2797,240,55
2798,240,54
2799,240,53
2800,240,52
2801,240,51
2802,240,50
2803,240,49
2804,240,48
2805,240,47
2806,240,46
2807,240,45
2808,240,44
2809,240,43
2810,240,42
2811,240,41
2812,240,40
2813,240,39
2814,240,38
2815,240,37
2816,240,36
2817,240,35
2818,240,34
2819,240,33
2820,240,32
2821,240,31
2822,240,30
2823,240,29
2824,240,28
2825,240,27
2826,240,26
2827,240,25
2828,240,24
2829,240,23
2830,240,22
2831,240,21
2832,240,20
2833,240,19
2834,240,18
2835,240,17
2836,240,16
2837,240,15
2838,240,14
2839,240,13
2840,240,12
2841,240,13
2842,240,14
2843,240,15
2844,240,16
2845,240,17
2846,240,18
2847,240,19
2848,240,20
2849,240,21
2850,240,22
2851,240,23
2852,240,24
2853,241,24
2854,242,24
2855,243,24
2856,244,24
2857,245,24
2858,246,24
2859,246,23
2860,246,22
2861,246,21
2862,246,20
2863,246,19
2864,246,18
2865,246,17
2866,246,16
2867,246,15
2868,246,14
2869,246,13
2870,246,12
2871,245,12
2872,244,12
2873,243,12
2874,242,12
2875,241,12
2876,240,12
2877,240,13
2878,240,14
2879,240,15
2880,240,16
2881,240,17
2882,240,18
2883,240,19
2884,240,20
2885,240,21
2886,240,22
2887,240,23
2888,240,24
2889,240,25
2890,240,26
2891,240,27
2892,240,28
2893,240,29
2894,240,30
2895,240,31
2896,240,32
2897,240,33
2898,240,34
2899,240,35
2900,240,36
2901,240,37
2902,240,38
2903,240,39
2904,240,40
2905,240,41
2906,240,42
2907,239,42
2908,238,42
2909,237,42
2910,236,42
2911,235,42
2912,235,41
2913,234,41
2914,234,40
2915,234,39
2916,233,39
2917,233,38
2918,233,37
2919,232,37
2920,231,37
2921,230,37
2922,229,37
2923,228,37
2924,228,36
2925,227,36
2926,226,36
2927,225,36
2928,224,36
2929,223,36
2930,222,36
2931,221,36
2932,220,36
2933,219,36
2934,218,36
2935,217,36
2936,216,36
2937,215,36
2938,214,36
2939,213,36
2940,212,36
2941,211,36
2942,210,36
2943,209,36
2944,208,36
2945,207,36
2946,206,36
2947,205,36
2948,204,36
2949,203,36
2950,202,36
2951,201,36
2952,200,36
2953,199,36
2954,198,36
2955,197,36
2956,196,36
2957,195,36
2958,194,36
2959,193,36
2960,192,36
2961,192,35
2962,192,34
2963,191,34
2964,190,34
2965,189,34
2966,188,34
2967,187,34
2968,186,34
2969,185,34
2970,185,33
2971,184,33
2972,183,33
2973,182,33
2974,181,33
2975,181,32
2976,180,32
2977,180,31
2978,179,31
2979,179,30
2980,178,30
2981,178,29
2982,178,28
2983,178,27
2984,178,26
2985,178,25
2986,178,24
2987,178,23
2988,178,22
2989,178,21
2990,178,20
2991,178,19
2992,178,18
2993,179,18
2994,180,18
2995,181,18
2996,182,18
2997,183,18
2998,184,18
2999,185,18
3000,186,18
3001,187,18
3002,188,18
3003,189,18
3004,190,18
3005,191,18
3006,192,18
3007,193,18
3008,194,18
3009,195,18
3010,196,18
3011,197,18
3012,198,18
3013,197,18
3014,196,18
3015,195,18
3016,194,18
3017,193,18
3018,192,18
3019,191,18
3020,190,18
3021,189,18
3022,188,18
3023,187,18
3024,186,18
3025,185,18
3026,184,18
3027,183,18
3028,182,18
3029,181,18
3030,180,18
3031,180,19
3032,180,20
3033,180,21
3034,180,22
3035,180,23
3036,180,24
3037,179,24
3038,178,24
3039,177,24
3040,176,24
3041,175,24
3042,174,24
3043,174,25
3044,175,25
3045,176,25
3046,176,26
3047,176,27
3048,177,27
3049,177,28
3050,177,29
3051,177,30
3052,177,31
3053,177,32
3054,177,33
3055,177,34
3056,177,35
3057,177,36
3058,178,36
3059,179,36
3060,180,36
3061,180,37
3062,180,38
3063,180,39
3064,179,39
3065,179,40
3066,179,41
3067,179,42
3068,179,43
3069,179,44
3070,179,45
3071,179,46
3072,179,47
3073,179,48
3074,179,49
3075,179,50
3076,179,51
3077,179,52
3078,179,53
3079,179,54
3080,180,54
3081,180,55
3082,180,56
3083,180,57
3084,180,58
3085,180,59
3086,180,60
3087,180,61
3088,180,62
3089,180,63
3090,180,64
3091,180,65
3092,180,66
3093,179,66
3094,178,66
3095,177,66
3096,176,66
3097,175,66
3098,174,66
3099,174,67
3100,174,68
3101,174,69
3102,174,70
3103,174,71
3104,174,72
3105,174,73
3106,174,74
3107,174,75
3108,174,76
3109,174,77
3110,174,78
3111,175,78
3112,176,78
3113,177,78
3114,178,78
3115,179,78
3116,180,78
3117,181,78
3118,182,78
3119,183,78
3120,184,78
3121,185,78
3122,186,78
3123,186,79
3124,186,80
3125,186,81
3126,186,82
3127,186,83
3128,186,84
3129,187,84
3130,188,84
3131,189,84
3132,190,84
3133,191,84
3134,192,84
3135,191,84
3136,190,84
3137,189,84
3138,188,84
3139,187,84
3140,186,84
3141,185,84
3142,184,84
3143,183,84
3144,182,84
3145,181,84
3146,180,84
3147,179,84
3148,178,84
3149,177,84
3150,176,84
3151,175,84
3152,174,84
3153,173,84
3154,172,84
3155,171,84
3156,170,84
3157,169,84
3158,168,84
3159,169,84
3160,170,84
3161,171,84
3162,172,84
3163,173,84
3164,174,84
3165,174,83
3166,174,82
3167,174,81
3168,174,80
3169,174,79
3170,174,78
3171,174,77
3172,174,76
3173,174,75
3174,174,74
3175,174,73
3176,174,72
3177,174,71
3178,174,70
3179,174,69
3180,174,68
3181,174,67
3182,174,66
3183,174,65
3184,174,64
3185,174,63
3186,174,62
3187,174,61
3188,174,60
3189,174,59
3190,174,58
3191,174,57
3192,174,56
3193,174,55
3194,174,54
3195,174,53
3196,175,53
3197,175,52
3198,175,51
3199,175,50
3200,175,49
3201,175,48
3202,176,48
3203,176,47
3204,176,46
3205,176,45
3206,177,45
3207,177,44
3208,177,43
3209,177,42
3210,177,41
3211,177,40
3212,177,39
3213,177,38
3214,177,37
3215,178,37
3216,179,37
3217,180,37
3218,181,37
3219,182,37
3220,183,37
3221,184,37
3222,185,37
3223,186,37
3224,187,37
3225,188,37
3226,189,37
3227,190,37
3228,191,37
3229,192,37
3230,193,37
3231,194,37
3232,195,37
3233,196,37
3234,197,37
3235,198,37
3236,199,37
3237,200,37
3238,201,37
3239,202,37
3240,203,37
3241,204,37
3242,205,37
3243,206,37
3244,207,37
3245,208,37
3246,209,37
3247,210,37
3248,211,37
3249,212,37
3250,213,37
3251,214,37
3252,215,37
3253,216,37
3254,217,37
3255,218,37
3256,219,37
3257,220,37
3258,221,37
3259,222,37
3260,223,37
3261,224,37
3262,225,37
3263,226,37
3264,227,37
3265,228,37
3266,229,37
3267,230,37
3268,231,37
3269,232,37
3270,233,37
3271,233,38
3272,233,39
3273,234,39
3274,234,40
3275,234,41
3276,235,41
3277,235,42
3278,235,43
3279,235,44
3280,235,45
3281,235,46
3282,235,47
3283,235,48
3284,235,49
3285,235,50
3286,235,51
3287,235,52
3288,235,53
3289,235,54
3290,235,55
3291,235,56
3292,235,57
3293,235,58
3294,235,59
3295,235,60
3296,235,61
3297,235,62
3298,235,63
3299,235,64
3300,235,65
3301,235,66
3302,235,67
3303,235,68
3304,235,69
3305,235,70
3306,235,71
3307,235,72
3308,235,73
3309,235,74
3310,235,75
3311,235,76
3312,235,77
3313,235,78
3314,235,79
3315,235,80
3316,235,81
3317,235,82
3318,235,83
3319,235,84
3320,235,85
3321,235,86
3322,235,87
3323,235,88
3324,235,89
3325,235,90
3326,235,91
3327,235,92
3328,235,93
3329,235,94
3330,235,95
3331,235,96
3332,235,97
3333,235,98
3334,235,99
3335,235,100
3336,235,101
3337,235,102
3338,235,103
3339,235,104
3340,235,105
3341,235,106
3342,235,107
3343,235,108
3344,235,109
3345,235,110
3346,235,111
3347,235,112
3348,235,113
3349,235,114
3350,235,115
3351,235,116
3352,235,117
3353,235,118
3354,235,119
3355,235,120
3356,235,121
3357,235,122
3358,235,123
3359,234,123
3360,234,124
3361,233,124
3362,232,124
3363,231,124
3364,230,124
3365,229,124
3366,228,124
3367,227,124
3368,226,124
3369,225,124
3370,224,124
3371,223,124
3372,222,124
3373,221,124
3374,221,125
3375,220,125
3376,219,125
3377,218,125
3378,217,125
3379,216,125
3380,215,125
3381,214,125
3382,213,125
3383,212,125
3384,211,125
3385,210,125
3386,209,125
3387,208,125
3388,207,125
3389,206,125
3390,205,125
3391,204,125
3392,203,125
3393,202,125
3394,201,125
3395,200,125
3396,199,125
3397,198,125
3398,197,125
3399,196,125
3400,195,125
3401,194,125
3402,193,125
3403,192,125
3404,191,125
3405,190,125
3406,189,125
3407,188,125
3408,187,125
3409,186,125
3410,185,125
3411,184,125
3412,183,125
3413,182,125
3414,181,125
3415,180,125
3416,179,125
3417,178,125
3418,177,125
3419,176,125
3420,175,125
3421,174,125
3422,174,126
3423,175,126
3424,176,126
3425,177,126
3426,178,126
3427,179,126
3428,180,126
3429,181,126
3430,182,126
3431,183,126
3432,184,126
3433,185,126
3434,186,126
3435,187,126
3436,188,126
3437,189,126
3438,190,126
3439,191,126
3440,192,126
3441,193,126
3442,194,126
3443,195,126
3444,196,126
3445,197,126
3446,198,126
3447,197,126
3448,196,126
3449,195,126
3450,194,126
3451,193,126
3452,192,126
3453,191,126
3454,190,126
3455,189,126
3456,188,126
3457,187,126
3458,186,126
3459,186,127
3460,186,128
3461,186,129
3462,186,130
3463,186,131
3464,186,132
3465,187,132
3466,188,132
3467,189,132
3468,190,132
3469,191,132
3470,192,132
3471,193,132
3472,194,132
3473,195,132
3474,196,132
3475,197,132
3476,198,132
3477,198,131
3478,198,130
3479,198,129
3480,198,128
3481,198,127
3482,198,126
3483,198,125
3484,198,124
3485,198,123
3486,198,122
3487,198,121
3488,198,120
3489,197,120
3490,196,120
3491,195,120
3492,194,120
3493,193,120
3494,192,120
3495,191,120
3496,190,120
3497,189,120
3498,188,120
3499,187,120
3500,186,120
3501,185,120
3502,184,120
3503,183,120
3504,182,120
3505,181,120
3506,180,120
3507,179,120
3508,178,120
3509,177,120
3510,176,120
3511,175,120
3512,174,120
3513,174,121
3514,174,122
3515,174,123
3516,174,124
3517,174,125
3518,174,126
3519,174,127
3520,174,128
3521,174,129
3522,174,130
3523,174,131
3524,174,132
3525,174,133
3526,174,134
3527,175,134
3528,176,134
3529,177,134
3530,178,134
3531,179,134
3532,180,134
3533,180,135
3534,181,135
3535,181,136
3536,182,136
3537,182,137
3538,183,137
3539,183,138
3540,184,138
3541,185,138
3542,186,138
3543,186,137
3544,186,136
3545,186,135
3546,186,134
3547,186,133
3548,186,132
3549,186,131
3550,186,130
3551,186,129
3552,186,128
3553,186,127
3554,186,126
3555,187,126
3556,188,126
3557,189,126
3558,190,126
3559,191,126
3560,192,126
3561,193,126
3562,194,126
3563,195,126
3564,196,126
3565,197,126
3566,198,126
3567,199,126
3568,200,126
3569,201,126
3570,202,126
3571,203,126
3572,204,126
3573,205,126
3574,206,126
3575,207,126
3576,208,126
3577,209,126
3578,210,126
3579,211,126
3580,212,126
3581,213,126
3582,214,126
3583,215,126
3584,216,126
3585,217,126
3586,218,126
3587,219,126
3588,220,126
3589,221,126
3590,222,126
3591,223,126
3592,224,126
3593,225,126
3594,226,126
3595,227,126
3596,228,126
3597,228,127
3598,229,127
3599,230,127
3600,231,127
3601,232,127
3602,233,127
3603,233,128
3604,233,129
3605,233,130
3606,233,131
3607,233,132
3608,234,132
3609,234,133
3610,234,134
3611,235,134
3612,235,135
3613,235,136
3614,235,137
3615,235,138
3616,235,139
3617,235,140
3618,235,141
3619,235,142
3620,235,143
3621,234,143
3622,234,144
3623,234,145
3624,234,146
3625,234,147
3626,234,148
3627,234,149
3628,234,150
3629,234,151
3630,234,152
3631,234,153
3632,234,154
3633,234,155
3634,234,156
3635,234,157
3636,234,158
3637,234,159
3638,234,160
3639,234,161
3640,234,162
3641,234,163
3642,234,164
3643,234,165
3644,234,166
3645,234,167
3646,234,168
3647,234,169
3648,234,170
3649,234,171
3650,234,172
3651,234,173
3652,234,174
3653,234,175
3654,234,176
3655,234,177
3656,234,178
3657,234,179
3658,234,180
3659,235,180
3660,236,180
3661,237,180
3662,238,180
3663,239,180
3664,240,180
3665,241,180
3666,242,180
3667,243,180
3668,244,180
3669,245,180
3670,246,180
3671,246,179
3672,246,178
3673,246,177
3674,246,176
3675,246,175
3676,246,174
3677,246,173
3678,246,172
3679,246,171
3680,246,170
3681,246,169
3682,246,168
3683,245,168
3684,244,168
3685,243,168
3686,242,168
3687,241,168
3688,240,168
3689,239,168
3690,238,168
3691,237,168
3692,236,168
3693,235,168
3694,234,168
3695,234,169
3696,234,170
3697,234,171
3698,234,172
3699,234,173
3700,234,174
3701,234,175
3702,234,176
3703,234,177
3704,234,178
3705,234,179
3706,234,180
3707,234,179
3708,234,178
3709,234,177
3710,234,176
3711,234,175
3712,234,174
3713,234,173
3714,234,172
3715,234,171
3716,234,170
3717,234,169
3718,234,168
3719,234,167
3720,234,166
3721,234,165
3722,234,164
3723,234,163
3724,234,162
3725,234,161
3726,234,160
3727,234,159
3728,234,158
3729,234,157
3730,234,156
3731,235,156
3732,236,156
3733,237,156
3734,238,156
3735,239,156
3736,240,156
3737,241,156
3738,242,156
3739,243,156
3740,244,156
3741,245,156
3742,246,156
3743,246,155
3744,246,154
3745,246,153
3746,246,152
3747,246,151
3748,246,150
3749,246,149
3750,246,148
3751,246,147
3752,246,146
3753,246,145
3754,246,144
3755,245,144
3756,244,144
3757,244,143
3758,243,143
3759,242,143
3760,241,143
3761,240,143
3762,239,143
3763,239,142
3764,238,142
3765,237,142
3766,237,141
3767,237,140
3768,237,139
3769,237,138
3770,237,137
3771,236,137
3772,236,136
3773,236,135
3774,236,134
3775,236,133
3776,236,132
3777,236,131
3778,236,130
3779,236,129
3780,236,128
3781,236,127
3782,236,126
3783,236,125
3784,236,124
3785,236,123
3786,236,122
3787,237,122
3788,237,121
3789,237,120
3790,238,120
3791,239,120
3792,240,120
3793,241,120
3794,242,120
3795,243,120
3796,244,120
3797,245,120
3798,246,120
3799,246,119
3800,246,118
3801,246,117
3802,246,116
3803,246,115
3804,246,114
3805,246,113
3806,246,112
3807,246,111
3808,246,110
3809,246,109
3810,246,108
3811,245,108
3812,244,108
3813,243,108
3814,242,108
3815,241,108
3816,240,108
3817,239,108
3818,238,108
3819,237,108
3820,236,108
3821,235,108
3822,234,108
3823,234,107
3824,234,106
3825,234,105
3826,234,104
3827,234,103
3828,234,102
3829,234,101
3830,234,100
3831,234,99
3832,234,98
3833,234,97
3834,234,96
3835,234,95
3836,234,94
3837,234,93
3838,234,92
3839,234,91
3840,234,90
3841,234,89
3842,234,88
3843,234,87
3844,234,86
3845,234,85
3846,234,84
3847,234,83
3848,235,83
3849,235,82
3850,235,81
3851,235,80
3852,235,79
3853,235,78
3854,235,77
3855,235,76
3856,235,75
3857,235,74
3858,235,73
3859,235,72
3860,236,72
3861,237,72
3862,238,72
3863,239,72
3864,240,72
3865,241,72
3866,242,72
3867,243,72
3868,244,72
3869,245,72
3870,246,72
3871,246,73
3872,246,74
3873,246,75
3874,246,76
3875,246,77
3876,246,78
3877,245,78
3878,244,78
3879,243,78
3880,242,78
3881,241,78
3882,240,78
3883,239,78
3884,238,78
3885,237,78
3886,236,78
3887,235,78
3888,235,79
3889,235,80
3890,235,81
3891,235,82
3892,235,83
3893,234,83
3894,234,84
3895,234,83
3896,235,83
3897,235,82
3898,235,81
3899,234,81
3900,234,80
3901,234,79
3902,234,78
3903,234,77
3904,234,76
3905,234,75
3906,234,74
3907,234,73
3908,234,72
3909,234,71
3910,234,70
3911,235,70
3912,235,69
3913,235,68
3914,235,67
3915,235,66
3916,235,65
3917,235,64
3918,234,64
3919,234,63
3920,234,62
3921,234,61
3922,234,60
3923,234,59
3924,234,58
3925,234,57
3926,234,56
3927,234,55
3928,234,54
3929,234,53
3930,234,52
3931,234,51
3932,234,50
3933,234,49
3934,234,48
3935,234,47
3936,235,47
3937,235,46
3938,235,45
3939,235,44
3940,235,43
3941,235,42
3942,235,41
3943,235,40
3944,235,39
3945,235,38
3946,235,37
3947,235,36
3948,235,35
3949,235,34
3950,235,33
3951,235,32
3952,235,31
3953,235,30
3954,236,30
3955,237,30
3956,238,30
3957,239,30
3958,240,30
3959,241,30
3960,242,30
3961,243,30
3962,244,30
3963,245,30
3964,246,30
3965,245,30
3966,244,30
3967,243,30
3968,242,30
3969,241,30
3970,240,30
3971,239,30
3972,238,30
3973,237,30
3974,236,30
3975,235,30
3976,234,30
3977,235,30
3978,235,29
3979,235,28
3980,235,27
3981,235,26
3982,236,26
3983,237,26
3984,237,25
3985,238,25
3986,238,24
3987,238,23
3988,239,23
3989,239,22
3990,239,21
3991,239,20
3992,238,20
3993,238,19
3994,238,18
3995,237,18
3996,236,18
3997,236,17
3998,236,16
3999,235,16
4000,234,16
4001,234,15
4002,234,14
4003,234,13
4004,234,12
4005,234,13
4006,234,14
4007,234,15
4008,234,16
4009,235,16
4010,236,16
4011,236,17
4012,236,18
4013,237,18
4014,238,18
4015,239,18
4016,240,18
4017,239,18
4018,238,18
4019,237,18
4020,236,18
4021,236,17
4022,236,16
4023,235,16
4024,234,16
4025,233,16
4026,232,16
4027,231,16
4028,230,16
4029,229,16
4030,228,16
4031,227,16
4032,226,16
4033,225,16
4034,224,16
4035,223,16
4036,222,16
4037,221,16
4038,220,16
4039,219,16
4040,218,16
4041,217,16
4042,216,16
4043,215,16
4044,214,16
4045,213,16
4046,212,16
4047,211,16
4048,210,16
4049,209,16
4050,208,16
4051,207,16
4052,206,16
4053,205,16
4054,204,16
4055,203,16
4056,202,16
4057,201,16
4058,200,16
4059,199,16
4060,198,16
4061,197,16
4062,196,16
4063,195,16
4064,194,16
4065,193,16
4066,192,16
4067,192,17
4068,192,18
4069,192,19
4070,192,20
4071,192,21
4072,192,22
4073,192,23
4074,192,24
4075,191,24
4076,190,24
4077,189,24
4078,188,24
4079,187,24
4080,186,24
4081,185,24
4082,184,24
4083,183,24
4084,182,24
4085,181,24
4086,180,24
4087,179,24
4088,178,24
4089,177,24
4090,177,25
4091,177,26
4092,177,27
4093,177,28
4094,177,29
4095,177,30
4096,176,30
4097,176,31
4098,176,32
4099,175,32
4100,174,32
4101,174,33
4102,174,34
4103,173,34
4104,172,34
4105,171,34
4106,170,34
4107,169,34
4108,168,34
4109,167,34
4110,166,34
4111,165,34
4112,164,34
4113,163,34
4114,162,34
4115,161,34
4116,160,34
4117,159,34
4118,158,34
4119,157,34
4120,156,34
4121,155,34
4122,154,34
4123,153,34
4124,152,34
4125,151,34
4126,150,34
4127,149,34
4128,148,34
4129,147,34
4130,146,34
4131,145,34
4132,144,34
4133,143,34
4134,142,34
4135,141,34
4136,140,34
4137,139,34
4138,138,34
4139,137,34
4140,136,34
4141,135,34
4142,134,34
4143,133,34
4144,132,34
4145,132,35
4146,132,36
4147,132,37
4148,132,38
4149,132,39
4150,132,40
4151,132,41
4152,132,42
4153,131,42
4154,130,42
4155,129,42
4156,128,42
4157,127,42
4158,126,42
4159,126,43
4160,126,44
4161,126,45
4162,126,46
4163,126,47
4164,126,48
4165,126,49
4166,126,50
4167,126,51
4168,126,52
4169,126,53
4170,126,54
4171,126,55
4172,126,56
4173,126,57
4174,126,58
4175,126,59
4176,126,60
4177,125,60
4178,124,60
4179,124,59
4180,124,58
4181,124,57
4182,124,56
4183,123,56
4184,122,56
4185,121,56
4186,120,56
4187,119,56
4188,118,56
4189,117,56
4190,116,56
4191,115,56
4192,114,56
4193,113,56
4194,112,56
4195,111,56
4196,110,56
4197,109,56
4198,108,56
4199,107,56
4200,106,56
4201,105,56
4202,104,56
4203,103,56
4204,102,56
4205,102,55
4206,102,54
4207,101,54
4208,100,54
4209,99,54
4210,98,54
4211,97,54
4212,96,54
4213,96,53
4214,96,52
4215,96,51
4216,96,50
4217,96,49
4218,96,48
4219,96,47
4220,96,46
4221,96,45
4222,96,44
4223,96,43
4224,96,42
4225,95,42
4226,94,42
4227,93,42
4228,92,42
4229,92,41
4230,92,40
4231,92,39
4232,91,39
4233,91,38
4234,90,38
4235,89,38
4236,89,37
4237,88,37
4238,87,37
4239,86,37
4240,85,37
4241,84,37
4242,84,36
4243,83,36
4244,82,36
4245,81,36
4246,80,36
4247,79,36
4248,78,36
4249,77,36
4250,76,36
4251,75,36
4252,74,36
4253,73,36
4254,72,36
4255,71,36
4256,70,36
4257,69,36
4258,68,36
4259,67,36
4260,66,36
4261,65,36
4262,64,36
4263,63,36
4264,62,36
4265,61,36
4266,60,36
4267,59,36
4268,58,36
4269,57,36
4270,56,36
4271,55,36
4272,54,36
4273,53,36
4274,52,36
4275,51,36
4276,50,36
4277,49,36
4278,48,36
4279,47,36
4280,46,36
4281,45,36
4282,44,36
4283,43,36
4284,42,36
4285,41,36
4286,40,36
4287,39,36
4288,38,36
4289,37,36
4290,36,36
4291,35,36
4292,34,36
4293,33,36
4294,32,36
4295,31,36
4296,30,36
4297,29,36
4298,28,36
4299,27,36
4300,26,36
4301,25,36
4302,24,36
4303,24,37
4304,24,38
4305,24,39
4306,24,40
4307,24,41
4308,24,42
4309,24,43
4310,24,44
4311,24,45
4312,24,46
4313,24,47
4314,24,48
4315,25,48
4316,26,48
4317,27,48
4318,28,48
4319,29,48
4320,30,48
4321,31,48
4322,32,48
4323,33,48
4324,34,48
4325,35,48
4326,36,48
4327,37,48
4328,38,48
4329,39,48
4330,40,48
4331,41,48
4332,42,48
4333,43,48
4334,44,48
4335,45,48
4336,46,48
4337,47,48
4338,48,48
4339,47,48
4340,46,48
4341,45,48
4342,44,48
4343,43,48
4344,42,48
4345,42,47
4346,42,46
4347,42,45
4348,42,44
4349,42,43
4350,42,42
4351,42,41
4352,42,40
4353,42,39
4354,42,38
4355,42,37
4356,42,36
4357,42,35
4358,42,34
4359,42,33
4360,42,32
4361,42,31
4362,42,30
4363,41,30
4364,40,30
4365,39,30
4366,38,30
4367,37,30
4368,36,30
4369,35,30
4370,34,30
4371,33,30
4372,32,30
4373,31,30
4374,30,30
4375,29,30
4376,28,30
4377,27,30
4378,26,30
4379,25,30
4380,24,30
4381,23,30
4382,22,30
4383,21,30
4384,20,30
4385,19,30
4386,18,30
4387,18,31
4388,18,32
4389,18,33
4390,18,34
4391,18,35
4392,18,36
4393,18,37
4394,18,38
4395,18,39
4396,18,40
4397,18,41
4398,18,42
4399,18,43
4400,18,44
4401,18,45
4402,18,46
4403,18,47
4404,18,48
4405,18,49
4406,18,50
4407,18,51
4408,18,52
4409,18,53
4410,18,54
4411,19,54
4412,20,54
4413,21,54
4414,22,54
4415,23,54
4416,24,54
4417,25,54
4418,26,54
4419,27,54
4420,28,54
4421,29,54
4422,30,54
4423,31,54
4424,32,54
4425,33,54
4426,34,54
4427,35,54
4428,36,54
4429,37,54
4430,38,54
4431,39,54
4432,40,54
4433,41,54
4434,42,54
4435,43,54
4436,44,54
4437,45,54
4438,46,54
4439,47,54
4440,48,54
4441,49,54
4442,50,54
4443,51,54
4444,52,54
4445,53,54
4446,54,54
4447,54,53
4448,54,52
4449,54,51
4450,54,50
4451,54,49
4452,54,48
4453,54,47
4454,54,46
4455,54,45
4456,54,44
4457,54,43
4458,54,42
4459,54,41
4460,54,40
4461,54,39
4462,54,38
4463,54,37
4464,54,36
4465,55,36
4466,56,36
4467,57,36
4468,58,36
4469,59,36
4470,60,36
4471,61,36
4472,62,36
4473,63,36
4474,64,36
4475,65,36
4476,66,36
4477,67,36
4478,68,36
4479,69,36
4480,70,36
4481,71,36
4482,72,36
4483,71,36
4484,70,36
4485,69,36
4486,68,36
4487,67,36
4488,66,36
4489,65,36
4490,64,36
4491,63,36
4492,62,36
4493,61,36
4494,60,36
4495,59,36
4496,58,36
4497,57,36
4498,56,36
4499,55,36
4500,54,36
4501,54,35
4502,54,34
4503,54,33
4504,54,32
4505,54,31
4506,54,30
4507,54,31
4508,54,32
4509,54,33
4510,54,34
4511,54,35
4512,54,36
4513,54,37
4514,54,38
4515,54,39
4516,54,40
4517,54,41
4518,54,42
4519,53,42
4520,52,42
4521,51,42
4522,50,42
4523,49,42
4524,48,42
4525,47,42
4526,46,42
4527,45,42
4528,44,42
4529,43,42
4530,42,42
4531,41,42
4532,40,42
4533,39,42
4534,38,42
4535,37,42
4536,36,42
4537,35,42
4538,34,42
4539,33,42
4540,32,42
4541,31,42
4542,30,42
4543,29,42
4544,28,42
4545,27,42
4546,26,42
4547,25,42
4548,24,42
4549,23,42
4550,22,42
4551,21,42
4552,20,42
4553,19,42
4554,18,42
4555,18,41
4556,18,40
4557,18,39
4558,18,38
4559,18,37
4560,18,36
4561,18,35
4562,18,34
4563,18,33
4564,18,32
4565,18,31
4566,18,30
4567,18,31
4568,18,32
4569,18,33
4570,18,34
4571,18,35
4572,18,36
4573,19,36
4574,20,36
4575,21,36
4576,22,36
4577,23,36
4578,24,36
4579,25,36
4580,26,36
4581,27,36
4582,28,36
4583,29,36
4584,30,36
4585,31,36
4586,32,36
4587,33,36
4588,34,36
4589,35,36
4590,36,36
4591,37,36
4592,38,36
4593,39,36
4594,40,36
4595,41,36
4596,42,36
4597,43,36
4598,44,36
4599,45,36
4600,46,36
4601,47,36
4602,48,36
4603,49,36
4604,50,36
4605,51,36
4606,52,36
4607,53,36
4608,54,36
4609,55,36
4610,56,36
4611,57,36
4612,58,36
4613,59,36
4614,60,36
4615,61,36
4616,62,36
4617,63,36
4618,64,36
4619,65,36
4620,65,37
4621,66,37
4622,67,37
4623,68,37
4624,69,37
4625,70,37
4626,71,37
4627,72,37
4628,73,37
4629,74,37
4630,75,37
4631,76,37
4632,77,37
4633,78,37
4634,79,37
4635,80,37
4636,81,37
4637,82,37
4638,83,37
4639,84,37
4640,85,37
4641,86,37
4642,87,37
4643,88,37
4644,89,37
4645,89,38
4646,90,38
4647,91,38
4648,91,39
4649,92,39
4650,92,40
4651,92,41
4652,92,42
4653,92,43
4654,92,44
4655,92,45
4656,92,46
4657,92,47
4658,92,48
4659,92,49
4660,92,50
4661,92,51
4662,92,52
4663,92,53
4664,92,54
4665,92,55
4666,93,55
4667,93,56
4668,94,56
4669,95,56
4670,96,56
4671,97,56
4672,98,56
4673,99,56
4674,100,56
4675,101,56
4676,102,56
4677,103,56
4678,104,56
4679,105,56
4680,106,56
4681,107,56
4682,108,56
4683,109,56
4684,110,56
4685,111,56
4686,112,56
4687,113,56
4688,114,56
4689,115,56
4690,116,56
4691,117,56
4692,118,56
4693,119,56
4694,120,56
4695,121,56
4696,122,56
4697,123,56
4698,124,56
4699,124,57
4700,124,58
4701,124,59
4702,124,60
4703,124,61
4704,124,62
4705,124,63
4706,124,64
4707,124,65
4708,124,66
4709,124,67
4710,125,67
4711,125,68
4712,125,69
4713,124,69
4714,124,70
4715,123,70
4716,122,70
4717,122,71
4718,121,71
4719,121,72
4720,120,72
4721,119,72
4722,119,73
4723,119,74
4724,118,74
4725,118,75
4726,118,76
4727,118,77
4728,117,77
4729,117,78
4730,116,78
4731,116,79
4732,115,79
4733,114,79
4734,113,79
4735,112,79
4736,111,79
4737,111,80
4738,110,80
4739,109,80
4740,108,80
4741,107,80
4742,106,80
4743,105,80
4744,104,80
4745,103,80
4746,102,80
4747,101,80
4748,100,80
4749,99,80
4750,98,80
4751,97,80
4752,96,80
4753,95,80
4754,94,80
4755,93,80
4756,92,80
4757,91,80
4758,90,80
4759,89,80
4760,88,80
4761,87,80
4762,86,80
4763,85,80
4764,84,80
4765,83,80
4766,82,80
4767,81,80
4768,80,80
4769,79,80
4770,78,80
4771,77,80
4772,76,80
4773,75,80
4774,74,80
4775,73,80
4776,72,80
4777,71,80
4778,70,80
4779,69,80
4780,68,80
4781,67,80
4782,66,80
4783,65,80
4784,64,80
4785,63,80
4786,62,80
4787,61,80
4788,60,80
4789,59,80
4790,58,80
4791,57,80
4792,56,80
4793,55,80
4794,54,80
4795,53,80
4796,52,80
4797,51,80
4798,50,80
4799,49,80
4800,48,80
4801,47,80
4802,46,80
4803,45,80
4804,44,80
4805,43,80
4806,42,80
4807,41,80
4808,40,80
4809,39,80
4810,38,80
4811,37,80
4812,36,80
4813,35,80
4814,34,80
4815,33,80
4816,32,80
4817,31,80
4818,30,80
4819,29,80
4820,28,80
4821,27,80
4822,26,80
4823,25,80
4824,24,80
4825,23,80
4826,22,80
4827,22,81
4828,21,81
4829,21,82
4830,21,83
4831,20,83
4832,20,84
4833,20,85
4834,19,85
4835,18,85
4836,18,86
4837,18,87
4838,18,88
4839,18,89
4840,18,90
4841,18,91
4842,18,92
4843,18,93
4844,18,94
4845,18,95
4846,18,96
4847,18,97
4848,18,98
4849,18,99
4850,18,100
4851,18,101
4852,18,102
4853,19,102
4854,20,102
4855,21,102
4856,22,102
4857,23,102
4858,24,102
4859,25,102
4860,26,102
4861,27,102
4862,28,102
4863,29,102
4864,30,102
4865,30,103
4866,30,104
4867,30,105
4868,30,106
4869,30,107
4870,30,108
4871,30,109
4872,30,110
4873,30,111
4874,30,112
4875,30,113
4876,30,114
